2019-07-05 14:13:17
#### limit default case ####
 7627 root      20   0  686448  13104   3736 S  13.3  0.0   0:00.16 glusterfs
 7627 root      20   0 1014388 332936
 7627 root      20   0 1014388 333468   4172 S   6.7  1.0 165:52.21
 7627 root      20   0 1082232 334068   4172 S 153.3  1.0 249:15.52
 7627 root      20   0 1080184 357952   4176 S 186.7  1.1 332:00.38
 7627 root      20   0 1080184 358204   4176 S   0.0  1.1 415:14.34
 7627 root      20   0 1090424 367396   4176 S 226.7  1.1 498:19.53
 7627 root      20   0 1086328 373760   4176 S 226.7  1.2 582:37.46
 7627 root      20   0 1080184 367956   4176 S 200.0  1.1 666:21.02
 7627 root      20   0 1080184 367952   4176 S   0.0  1.1 750:01.89
 7627 root      20   0 1080184 360196   4176 S  80.0  1.1 833:28.71
 7627 root      20   0 1080184 360308   4176 S  80.0  1.1 917:14.96
 7627 root      20   0 1082232 361408   4176 S 220.0  1.1   1001:16
 7627 root      20   0 1080184 352236   4176 S 193.3  1.1   1085:28
 7627 root      20   0 1086328 356612   4176 S 213.3  1.1   1169:09
 7627 root      20   0 1086328 357012   4176 S 213.3  1.1   1253:17
 7627 root      20   0 1080184 345508   4176 S 206.7  1.1   1336:26
 7627 root      20   0 1096568 365420   4176 S 246.7  1.1   1420:21
 7627 root      20   0 1080184 350368   4176 S   0.0  1.1   1503:41
 7627 root      20   0 1082232 351644   4176 S 120.0  1.1   1586:51
 7627 root      20   0 1092472 361128   4176 S 226.7  1.1   1670:04
 7627 root      20   0 1088376 357316   4176 S 226.7  1.1   1753:27
 7627 root      20   0 1086328 355600   4176 S 113.3  1.1   1837:00
 7627 root      20   0 1080184 349432   4176 S 193.3  1.1   1920:41
 7627 root      20   0 1086328 356316   4176 S 213.3  1.1   2004:22
 7627 root      20   0 1080184 351040   4176 S  46.7  1.1   2087:05
 7627 root      20   0 1096568 365576   4176 S 233.3  1.1   2169:57
 7627 root      20   0 1092472 361384   4176 S 218.8  1.1   2252:26
 7627 root      20   0 1092472 370832   4176 S 233.3  1.1   2335:49
 7627 root      20   0 1082232 361440   4180 S 213.3  1.1   2420:21
 7627 root      20   0 1080184 360564   4180 S  26.7  1.1   2504:30
 7627 root      20   0 1080184 360660   4180 S 126.7  1.1   2588:24
 7627 root      20   0 1080184 358000   4180 S 226.7  1.1   2672:44
 7627 root      20   0 1092472 369288
 7627 root      20   0 1080184 360324
 7627 root      20   0 1080184 360356
 7627 root      20   0 1092472 369664
 7627 root      20   0 1145720 359744
 7627 root      20   0 1145720 351056
 7627 root      20   0 1145720 350092
 7627 root      20   0 1145720 348892
 7627 root      20   0 1158008 366256
 7627 root      20   0 1145720 356208
 7627 root      20   0 1145720 356228
 7627 root      20   0 1147768 357088
 7627 root      20   0 1430488 382852
