2019-07-02 00:20:10
#### limit default case ####
13459 root      20   0 3041920  27972
13459 root      20   0 3374996 320208
13459 root      20   0 3370900 341352
13459 root      20   0 3374996 344900
13459 root      20   0 3372948 344252
13459 root      20   0 3401620 373124
13459 root      20   0 3370900 344020
13459 root      20   0 3448724 413428
13459 root      20   0 3377044 339184
13459 root      20   0 3374996 338676   4364 S 186.7  1.0 714:00.93 glusterfs
13459 root      20   0 3370900 335820   4364 S   0.0  1.0 792:48.66 glusterfs
13459 root      20   0 3372948 336540   4364 S 153.3  1.0 871:56.03 glusterfs
13459 root      20   0 3374996 330104   4364 S 131.2  1.0 948:42.47 glusterfs
13459 root      20   0 3440792 336528   4364 S 120.0  1.0   1026:40 glusterfs
